$ANSIBLE_VAULT;1.1;AES256
63613832353136623761333031343331346134353363396266656662386565333532636131633932
3638323565373431636462663638326237356166623332310a623230343936366639343465613262
32653435373163363137373961336533646432656635336266653066646663613962633830653163
3134346661616463380a363735336631666135373733376135616235373832373936626166663534
64643466353730313933326665303763376335663934646666386335346139396533313935313032
35653432386466333436663465393733383935303137333732353237626536323261666166376632
33306433356339643833616634353131613263663464623434323361653039396438303931333533
33373964323137323730373031396635663033366161623465323639346465393663663265343334
36633566343136643031643165623437663864373638616535666439623262396166663162333964
30303135643565623062383337386664363537663438666261363963636535623635633666336466
35343033346433613063363730656565623034336435383664633261663462613131626333316230
62663064336330663232633161393464666664313864346461353331373233383732303934303432
38663437646535306661326363626532633966633764376466313639316533626537333365653266
65653061653831363736343366373462313137383239646666343832323533653663633236613766
65653633363735323433616133313066646331616265386530343462643564373463643364343062
39303837656232616637383332363762366436346365666535386464396431636265393936303931
31393239656366666433356331323664383837643530353336323030343631316132653233313262
34333631306335356639653861613331313439396338353966383561353331366261343635666530
32663463303436323032653365316131376535653964666337363263656433613664623064616531
65323165353161323038373633346161303861353361373262386535383934656232623539333635
33356162633335613132303964323364326139373634313265383231373766323334636665643964
31616666386166383337346238653231313464303832373336373131323234666566326662363836
63623833363236396136646662396535346637643235316236333532343036366632656261663738
64353937383336363139313861306638646334663139386262643234636435656361353664616464
39633536663133323764303466626130323937383763303838613439653661636338636139636432
3734303361373661656161616330313266323035633032623338
